TABLE:LEGACY_IMPORT_1
11 1.0
500 27.35E+07 -16.07E+07 -98.04E+07 24.86E+08 30.66E+05 -68.33E+05 -68.33E+05 37.28E+06
850 26.68E+07 -12.69E+07 -85.06E+07 19.53E+08 17.60E+05 -39.31E+05 -39.31E+05 18.60E+06
1200 26.38E+07 -88.49E+06 -82.43E+07 19.94E+08 11.83E+05 -26.36E+05 -26.36E+05 13.15E+06
1550 21.07E+07 -53.72E+06 -64.62E+07 17.77E+08 71.90E+04 -15.25E+05 -15.25E+05 83.25E+05
1900 23.41E+07 -43.46E+06 -78.16E+07 20.68E+08 61.80E+04 -14.09E+05 -14.09E+05 82.83E+05
2250 21.98E+07 -60.50E+06 -77.94E+07 21.32E+08 45.40E+04 -10.53E+05 -10.53E+05 69.82E+05
2600 22.14E+07 -15.91E+06 -78.72E+07 23.16E+08 38.60E+04 -91.40E+04 -91.40E+04 62.98E+05
2950 22.00E+07 -14.84E+06 -80.23E+07 23.48E+08 34.50E+04 -82.10E+04 -82.10E+04 58.06E+05
3300 21.42E+07 -25.73E+06 -82.55E+07 23.32E+08 30.70E+04 -76.70E+04 -76.70E+04 53.46E+05
3650 22.95E+07 37.72E+06 -85.88E+07 26.29E+08 29.70E+04 -75.80E+04 -75.80E+04 51.95E+05
4000 22.44E+07 30.87E+06 -86.14E+07 26.86E+08 26.30E+04 -67.40E+04 -67.40E+04 48.35E+05
EOF
