TABLE:LEGACY_IMPORT_2
11 1.0
500 30.63E+07 -18.98E+07 -11.25E+08 29.17E+08 33.73E+05 -79.38E+05 -79.38E+05 42.97E+06
850 28.11E+07 -19.41E+07 -94.02E+07 24.01E+08 15.21E+05 -35.54E+05 -35.54E+05 19.62E+06
1200 24.38E+07 -10.92E+07 -74.26E+07 21.79E+08 99.00E+04 -21.61E+05 -21.61E+05 11.74E+06
1550 27.38E+07 -93.94E+06 -89.72E+07 23.53E+08 88.10E+04 -20.40E+05 -20.40E+05 11.26E+06
1900 24.93E+07 -80.21E+06 -84.66E+07 24.48E+08 57.20E+04 -13.41E+05 -13.41E+05 87.34E+05
2250 24.52E+07 -72.42E+06 -86.23E+07 24.76E+08 49.10E+04 -11.54E+05 -11.54E+05 77.08E+05
2600 25.11E+07 -27.35E+06 -89.04E+07 26.59E+08 43.30E+04 -10.61E+05 -10.61E+05 71.13E+05
2950 25.26E+07 -19.28E+06 -91.27E+07 27.17E+08 39.40E+04 -96.10E+04 -96.10E+04 65.67E+05
3300 24.84E+07 -27.78E+06 -94.67E+07 27.15E+08 35.70E+04 -91.10E+04 -91.10E+04 61.17E+05
3650 25.12E+07 31.20E+06 -94.73E+07 30.09E+08 31.60E+04 -82.90E+04 -82.90E+04 57.05E+05
4000 25.31E+07 27.01E+06 -97.74E+07 30.53E+08 29.90E+04 -79.20E+04 -79.20E+04 54.46E+05
EOF
